10,-31.0
20,-29.285714285714285
10,-28.0
20,-29.363636363636363
30,-29.852941176470587
40,-30.152173913043477
50,-30.01818181818182
60,-29.5
70,-29.542857142857144
80,-29.463414634146343
90,-29.6
100,-29.883928571428573
110,-29.80952380952381
120,-29.657342657342657
130,-29.974683544303797
140,-30.446428571428573
150,-30.96685082872928
160,-30.99497487437186
170,-31.200934579439252
180,-31.333333333333332
190,-32.04545454545455
200,-31.884462151394423
210,-31.820224719101123
220,-31.625
230,-31.64765100671141
240,-31.86774193548387
250,-32.14110429447853
10,-42.0
20,-40.86666666666667
30,-39.391304347826086
40,-36.65
50,-34.84057971014493
60,-34.23076923076923
70,-37.108695652173914
80,-37.76
90,-36.76724137931034
100,-36.42307692307692
110,-36.86805555555556
120,-37.35947712418301
130,-37.78313253012048
140,-37.68181818181818
150,-37.43715846994535
160,-37.31658291457286
170,-37.60747663551402
180,-37.508849557522126
190,-37.067796610169495
200,-37.2753036437247
210,-37.61538461538461
220,-37.32142857142857
230,-37.10175438596491
240,-36.98620689655172
250,-36.785953177257525
10,-31.0
20,-31.666666666666668
30,-30.423076923076923
40,-30.0
50,-30.488888888888887
60,-31.06779661016949
70,-31.142857142857142
80,-31.050632911392405
90,-32.266666666666666
100,-35.02061855670103
110,-36.49523809523809
120,-36.3109243697479
130,-36.666666666666664
140,-36.36805555555556
150,-35.54140127388535
160,-35.357142857142854
170,-34.72527472527472
180,-34.45360824742268
190,-34.100478468899524
200,-33.81531531531532
210,-33.650862068965516
10,0.0
20,-0.13636363636363635
30,0.42857142857142855
40,-0.08163265306122448
50,-0.1016949152542373
60,-0.5277777777777778
70,0.0
80,0.0
90,0.0
100,0.0
110,0.0
120,0.0
130,0.0
140,0.0
150,0.0
160,0.0
170,0.0
180,0.07142857142857142
190,0.0
200,0.0
210,0.0
220,0.0
230,0.012711864406779662
240,0.05737704918032787
250,0.05241935483870968
250,-0.018218623481781375
10,-28.1
20,-28.18232044198895
30,-28.23846153846154
40,-28.263610315186245
50,-28.34562211981567
60,-28.59727626459144
70,-28.670668953687823
80,-28.71071953010279
90,-29.006426735218508
100,-29.239179954441912
110,-29.110537190082646
120,-29.34676663542643
130,-29.37694974003466
140,-29.352753391859537
150,-29.2396449704142
160,-29.29488950276243
170,-29.448610213316094
180,-29.334143377885784
190,-29.4756446991404
200,-29.86070460704607
210,-30.175411522633745
220,-30.46526418786693
230,-30.64179104477612
240,-30.898350423539902
250,-31.330913748932538
10,-32.33673469387755
